1221
1854
1422
1313
1359
1409
1669
1209
1407
1705
1728
1099
1777
1775
1430
1877
1054
1942
1702
1808
1274
1438
1441
1689
1917
1168
1779
1552
1348
1466
1177
1132
1296
1236
1879
1960
1712
1595
1908
1201
1914
1924
1957
1518
1699
1736
1889
1875
1280
1938
1661
1140
1081
1727
1787
1456
1818
1760
1112
1175
1870
1662
1520
1180
1145
1437
1611
1128
1163
1851
1790
1713
1739
1204
1218
1640
1780
1911
1173
1467
1567
1009
1969
1468
1432
1288
1169
1230
1690
1809
1479
1636
1723
1783
1278
1784
1275
1277
1785
1884
1222
1170
1929
1413
1698
1515
1750
1333
1279
1179
1514
1300
1272
1752
1389
1719
1458
1298
1350
1559
1928
1894
1322
1181
1146
1234
1217
1837
1913
1133
1463
1345
1920
1887
1926
1461
1542
1709
1541
1353
1415
1434
1591
1171
1891
1666
1664
1474
1863
1830
1883
1472
1207
1454
1069
1398
1776
1741
1890
1199
1189
1192
1116
1455
1261
1700
1210
1507
1266
1522
1886
1220
1643
1527
1075
1824
1641
1114
1757
1130
1526
1648
1848
1238
1599
1801
1347
1936
1247
1465
1281
1892
1453
1711
1688
1080
1061
1397
1601
1414
1129
1213
1056
1885
1233
1194
1206
1118
1773
1216
1457
1731
1262
1701
1235
1563